# 0f7b839f-7302-4b05-ab9d-46bb4e48851a
8 4 6
1 5 7
2 3 _
# 48d9441b-6cc6-43c2-8b58-310b0dcc123b
7 5 3
1 _ 2
6 8 4
# 4d431131-91aa-4b14-8e28-6d0a0e26e83c
7 5 9 14
15 10 3 11
2 _ 13 4
8 6 1 12
# 79fac71b-cb2b-4ffe-b027-77f73faa28ae
5 7 12 1
11 15 13 _
14 4 9 8
3 6 10 2
# 42a47881-0529-4ba2-b688-c64a454f0f2b
20 11 19 4 6
22 5 13 16 10
23 2 9 _ 18
7 21 1 12 8
24 15 3 17 14
# c17b2a4c-05e3-4e5e-a0df-5823bd110136
8 1 _ 5 20
7 6 2 24 13
14 18 9 19 11
12 10 22 21 17
15 3 16 4 23
# a82569c1-94f4-4112-a57d-dcda50a9f015
24 20 9 1 34 8
22 4 35 30 28 7
6 14 12 27 _ 2
26 25 19 5 21 13
17 29 10 23 16 32
11 3 31 15 18 33
# b2e1fddc-d74e-4e9e-b734-21959ab9a6e3
1 6 17 27 28 15
13 35 19 12 18 9
14 4 23 32 26 3
16 10 2 _ 31 34
7 8 24 22 5 21
11 29 33 30 25 20
# 698f224b-d549-401a-a5b1-d3d64c74eff1
18 3 _ 44 8 13 16
33 35 43 41 23 12 14
40 7 11 45 28 34 6
36 17 37 42 30 48 29
26 2 4 24 32 20 5
27 10 25 15 31 1 22
19 47 46 38 9 21 39
# 5acc1a6d-aa84-4a78-8681-7206eadc4d24
31 43 21 2 29 16 5
40 10 47 25 42 9 26
4 15 23 3 38 34 _
41 27 33 46 32 17 7
20 11 6 1 24 39 45
48 36 37 30 22 44 12
14 8 19 35 28 13 18
# d8b42547-5f6d-47db-887a-b8ffd4e4cab6
47 32 50 31 15 51 40 33
60 11 _ 58 4 2 42 20
26 38 21 7 57 37 19 10
18 43 5 45 13 25 6 34
46 52 59 27 55 14 29 16
53 63 23 44 12 62 61 28
9 54 41 24 35 36 8 1
39 56 17 49 30 48 22 3
# fb64fc56-1f17-4b43-9f85-7c21c1a118fe
19 22 58 5 8 14 61 62
51 10 49 33 18 46 56 63
17 53 12 38 36 52 37 29
13 50 4 1 15 32 _ 3
48 28 30 35 20 57 55 24
31 54 21 26 16 47 60 11
25 39 34 9 42 6 23 7
59 43 40 2 45 27 44 41
# 5b4976ab-d806-427f-a0f6-138fcef04767
8 13 9 62 66 55 73 77 58
64 17 80 2 44 24 15 38 79
45 22 30 71 16 25 72 7 65
19 63 61 57 54 47 28 14 36
5 49 50 32 29 37 69 26 48
31 12 75 51 76 41 70 27 34
43 3 78 4 6 _ 10 46 53
39 18 20 67 74 52 56 42 40
60 59 35 21 11 68 1 23 33
# 8e446aed-1d56-4271-9716-dbf92b75e08c
5 64 61 63 _ 40 68 54 48
7 31 66 25 78 27 24 3 73
20 58 39 75 16 51 34 44 15
71 41 23 29 50 38 12 55 45
28 76 9 60 47 80 21 49 11
14 22 59 46 70 1 30 42 33
52 65 77 57 2 72 62 36 17
43 18 4 53 79 6 35 8 13
26 67 10 56 32 69 37 74 19
# f28021d1-29b3-4723-9116-978f958ca637
50 12 56 53 31 21 98 43 77 25
32 49 73 89 24 76 58 51 36 39
17 9 37 93 74 44 86 99 22 16
57 81 6 63 19 70 80 82 41 28
1 30 38 65 42 87 11 83 35 2
33 20 46 60 84 8 54 62 78 85
72 75 69 15 64 27 34 92 29 14
7 40 68 13 91 95 45 26 79 59
94 47 67 52 3 66 97 90 _ 48
88 18 4 10 55 61 96 23 71 5
# 5b8373a8-b697-455b-817e-f1befd0a1b65
73 7 13 83 17 78 15 67 99 5
90 52 35 72 2 10 76 92 47 69
98 43 23 33 46 64 87 75 91 42
3 60 25 95 74 65 22 29 59 86
21 37 50 31 8 96 41 54 88 36
81 16 45 38 55 11 56 79 26 6
68 58 18 94 32 _ 84 51 24 4
80 20 40 14 62 57 53 30 97 66
48 27 63 82 39 49 89 77 71 61
9 44 85 70 93 12 34 28 1 19
