# 7f84a786-6eb2-4cbe-a20f-d2a9a2ad4c5f
6 _ 8
1 5 7
2 4 3
# 80e2924f-a424-444f-a422-b150ea93a47c
3 1 _
2 8 5
4 7 6
# e59ce9a9-136a-4d84-9f27-8958cce77d17
1 _ 8
3 6 4
5 2 7
# 71963b61-f467-49f6-a5b6-88bc2be81c75
6 3 5
8 4 2
_ 7 1
# 465b6948-77ba-4614-a9f5-c6c98e1a1112
7 3 4
6 5 1
_ 8 2
# 5cd658d4-20ee-495c-afee-7a126dadee39
3 9 2 5
10 _ 13 11
15 14 12 6
1 7 4 8
# a1222f3c-e805-4bcd-8c0b-25f8eb98c9c6
4 11 8 15
12 13 3 9
10 7 1 _
6 5 14 2
# c66d89fe-b131-475e-b17a-7e4dc375c9fb
10 7 12 8
_ 9 14 6
3 2 1 4
13 5 11 15
# 3d08605b-aa39-401f-9b90-ee7804c528c4
14 8 10 12
2 11 3 9
_ 4 15 1
5 6 7 13
# d8e24051-cce2-4191-b9fe-fa15e0a1a5c0
1 15 13 6
4 11 14 2
5 _ 10 8
12 3 7 9
# 5facc5f2-6dfb-42fd-a1cb-3d11871e2591
9 12 _ 24 10
8 15 14 4 2
6 20 17 3 5
19 7 21 11 23
22 1 13 18 16
# fda918ee-08e7-4495-b415-fea20aad8576
15 16 18 1 8
9 6 5 11 10
17 7 13 20 22
21 19 _ 3 4
23 12 14 2 24
# 2fab6102-aa8a-453e-ab97-0d65c156e97f
3 17 23 13 _
16 10 22 19 8
24 2 20 5 1
11 15 12 6 21
7 18 9 14 4
# 07a66524-48cd-4696-9873-647c415aacb4
4 24 19 15 14
18 7 21 13 6
8 2 23 9 16
10 _ 11 5 3
22 20 17 12 1
# bc5a45d9-cf2c-4c8d-b8c6-5615b8e6a751
18 17 16 3 10
9 24 20 6 19
13 11 8 7 _
23 15 4 2 1
21 22 5 14 12
# e47fdb3a-0e55-4d22-9424-8c4eb9e3313e
29 24 16 _ 8 15
17 33 14 1 22 11
30 23 18 31 35 6
34 3 27 32 21 12
19 5 10 25 4 13
7 9 2 28 20 26
# 8de5ef8e-56de-4649-8028-a64507239341
31 11 26 5 33 15
24 10 _ 13 12 29
9 1 28 3 34 27
16 25 20 6 17 21
23 7 4 14 19 8
18 2 30 35 22 32
# 5ed7b0b6-c66f-4170-9185-fc8804a7df4f
2 32 29 12 6 13
23 3 31 11 7 30
21 22 26 9 35 25
17 27 10 28 24 18
34 4 14 5 20 16
15 _ 19 8 33 1
# 1bb07b65-847d-4ed2-bd12-88f9d1b5adba
13 _ 5 15 17 14
23 8 27 18 20 29
10 16 6 34 21 12
4 35 9 7 26 19
25 28 30 32 11 3
22 31 1 24 33 2
# f01b0688-9b23-4849-abcf-ecab18d6b000
7 28 12 25 10 19
18 15 8 29 34 22
1 23 13 _ 33 5
17 27 3 6 24 20
14 2 4 21 16 32
30 26 35 9 31 11
# 92e5dba7-4570-4667-a992-cd0a9a0b9e91
27 38 40 22 41 19 44
30 21 14 11 29 12 6
26 2 7 24 5 18 _
20 45 17 10 42 3 39
34 31 1 9 32 33 15
48 8 46 23 4 35 43
36 25 28 37 16 13 47
# 80c8277e-0ba7-4435-b518-60c371b9b6ca
14 25 16 10 8 45 38
17 40 34 2 20 6 13
28 44 43 18 39 35 37
21 1 7 31 41 5 _
46 12 19 29 24 15 23
32 3 11 9 30 27 26
48 47 36 33 42 22 4
# e3bf2815-4536-4ef5-a7bd-c23255bd0fd2
22 30 29 12 46 42 48
20 26 18 32 25 10 11
1 19 15 47 41 _ 13
5 45 28 4 17 24 21
38 39 14 7 6 3 37
27 31 35 34 33 40 44
8 2 36 16 23 9 43
# 59bc39ff-0d52-4660-92c7-fe372e36322d
26 30 46 15 37 12 31
11 18 2 20 13 47 9
22 27 41 34 28 16 29
35 _ 48 4 24 19 21
5 44 17 39 8 43 7
1 42 45 10 33 14 40
36 3 23 38 6 32 25
# 97fda5f0-46f8-4ae4-bd4b-328fe93934ae
45 16 18 4 23 11 13
33 17 39 5 15 8 _
21 20 41 28 22 32 10
43 14 9 2 40 31 37
25 6 29 24 27 34 3
46 44 38 35 1 19 12
42 48 47 36 30 7 26
# 8525e200-b715-48fa-8369-0e3474af985e
55 61 32 52 49 20 _ 28
63 43 58 39 12 26 27 18
46 4 15 7 13 11 59 40
47 16 33 14 45 48 8 30
34 10 35 53 44 25 60 23
54 51 62 21 57 50 24 31
22 19 42 3 17 38 6 2
9 56 37 29 41 36 5 1
# 047d266c-fa5c-4e9d-bff8-cc8753f2acbb
24 33 53 26 15 14 36 6
57 41 5 38 2 12 17 35
16 30 42 46 1 43 21 11
51 45 23 29 54 10 40 62
27 44 32 47 19 48 37 8
18 58 3 22 55 _ 4 9
59 25 7 34 13 39 20 52
49 63 50 60 31 61 28 56
# 97929f29-49c2-4559-b131-48428addfee7
46 30 33 20 8 9 17 10
48 44 47 4 2 24 _ 13
28 23 36 39 54 11 61 51
63 32 56 34 29 31 3 52
15 42 55 50 16 49 14 22
1 40 60 41 7 38 43 5
37 12 19 35 26 45 25 21
57 18 27 58 6 59 53 62
# 504553c1-d39d-4361-9426-2430b3743c49
43 56 44 58 40 18 11 54
34 33 8 7 31 32 25 20
28 47 59 15 10 51 46 60
14 9 22 13 2 53 38 4
45 17 50 42 61 48 30 26
39 57 5 3 19 62 _ 37
55 41 16 36 29 1 35 23
24 6 12 52 27 63 21 49
# f9324071-bdc0-4e40-870d-065e3cd470f4
51 59 55 54 41 8 2 50
28 18 61 11 33 49 23 57
47 58 31 46 38 15 62 7
6 39 56 53 32 4 60 12
19 43 _ 24 25 14 5 9
42 22 44 27 45 37 13 30
10 26 48 35 1 3 40 20
63 21 36 52 34 16 29 17
# 7f3e2878-1b0b-44c7-a355-69516a2d78db
74 19 30 43 29 51 70 68 4
58 39 33 61 15 49 7 46 13
56 24 62 79 40 48 16 47 32
66 27 75 34 23 21 2 50 3
63 41 55 45 12 6 60 76 8
25 20 53 38 1 52 44 5 42
80 54 69 22 10 65 73 _ 77
57 11 72 37 31 9 36 35 71
78 28 59 17 14 26 18 64 67
# 2cae8a0d-a02e-4553-9cf8-459f67271df8
23 25 38 _ 79 53 47 33 14
43 7 59 46 12 71 74 68 48
11 9 75 26 17 65 3 69 40
54 15 55 60 49 10 35 32 5
34 31 72 67 64 61 21 78 8
22 42 39 37 70 41 45 63 62
13 66 28 52 73 57 27 50 56
29 20 6 77 16 24 1 51 19
4 2 30 18 44 36 58 80 76
# d6fda90d-ac2d-4c8b-a915-f28e90c9e068
32 _ 64 28 54 16 37 18 44
30 74 52 50 75 78 10 27 41
49 66 11 59 36 51 38 35 67
22 47 24 15 72 25 14 26 17
13 9 1 7 4 6 42 20 46
31 29 62 56 57 12 3 48 55
69 70 23 76 79 34 63 39 60
19 71 2 43 8 68 80 61 5
77 73 65 45 58 21 40 53 33
# a4bd9eff-d2df-49c2-aba0-aed7e98318b8
47 26 21 53 57 37 3 25 68
63 34 1 41 27 66 71 72 36
79 49 31 30 64 75 16 59 40
69 48 4 33 5 6 74 20 7
65 17 8 38 14 _ 29 76 52
67 45 60 28 22 44 18 51 77
15 2 46 43 42 73 80 70 61
12 78 19 55 11 50 13 9 54
23 62 56 10 35 39 24 58 32
# e8d91d9e-346b-4768-9168-ae0ba912233e
61 75 74 6 80 44 69 53 29
19 65 20 51 46 27 36 18 77
79 2 45 68 73 22 35 32 12
28 15 63 67 42 49 3 71 10
31 48 50 24 47 13 5 55 40
62 8 58 4 34 60 70 21 66
17 33 11 _ 56 16 14 25 38
7 59 1 43 37 54 76 23 78
30 72 9 64 39 26 57 52 41
# fad0a4a2-09df-4b47-a7a6-8b2622ade49a
26 73 34 28 21 24 13 88 4 69
43 74 59 99 17 67 79 95 84 82
15 12 50 62 51 39 93 91 97 40
31 87 55 98 57 75 33 58 22 92
85 16 14 10 37 19 _ 46 32 63
1 56 61 86 18 3 42 81 71 23
9 80 53 77 66 70 54 20 65 27
96 94 2 35 76 48 7 72 41 36
83 29 5 64 47 6 30 89 45 52
8 38 44 68 25 49 11 90 78 60
# f64f2e8e-0d72-45b9-8f6e-60057f219067
47 17 3 8 51 80 11 60 76 41
96 31 95 81 98 87 16 57 82 43
24 50 5 93 10 75 68 53 1 7
89 88 55 32 73 69 9 67 28 27
15 30 42 26 40 4 61 78 62 6
37 52 99 36 19 49 77 97 23 14
72 63 20 25 83 74 58 84 12 13
33 48 _ 91 86 38 44 45 2 18
71 39 46 65 21 85 90 34 64 59
56 66 79 94 22 29 92 54 70 35
# b73895af-c5cd-4030-9163-2cbe9fd4813a
76 6 3 46 49 8 55 65 29 16
86 80 56 95 70 15 19 _ 84 61
90 23 31 13 20 51 68 99 67 34
24 12 38 77 10 74 37 98 17 41
39 85 94 26 91 45 79 93 28 2
7 66 63 53 27 35 83 75 48 89
64 9 21 43 60 82 62 33 57 40
88 72 1 47 30 73 52 32 36 50
4 97 81 59 96 25 18 14 42 87
78 22 58 54 69 5 92 44 71 11
# bd3783d7-933b-449f-9644-94508055c297
69 76 88 91 34 49 98 21 94 63
45 22 10 18 90 61 29 74 30 41
75 44 36 80 32 27 37 1 73 66
64 11 33 67 17 _ 89 83 47 23
26 51 81 20 97 70 28 24 50 4
3 39 16 43 13 77 42 53 95 55
31 86 71 15 52 85 87 40 60 62
19 46 82 6 7 25 56 48 58 2
57 78 38 65 93 9 96 12 54 35
59 68 92 14 72 5 99 84 79 8
# 2e7f68ee-1750-4e12-ba2d-b7f4b38251a1
67 53 19 56 11 95 31 80 54 63
15 84 9 3 92 98 66 97 12 _
60 13 70 96 32 30 78 77 57 89
85 55 23 42 2 71 47 26 41 91
10 14 68 62 82 29 38 99 5 48
24 64 46 8 33 65 83 34 25 44
86 17 51 58 72 81 27 18 37 16
40 50 87 4 49 6 20 28 36 59
90 7 69 93 94 61 43 75 21 79
39 73 35 22 76 45 52 1 74 88
# d71a4b4a-8f04-4439-8326-66394017615f
82 35 55 11 32 106 102 18 20 58 49
12 113 39 37 117 1 112 28 19 34 81
103 24 47 46 95 61 88 41 57 104 51
60 65 66 48 8 15 29 36 80 79 40
33 98 92 54 73 10 64 93 _ 107 9
7 118 94 101 25 44 74 116 76 75 71
62 43 22 69 115 53 3 119 110 120 85
38 108 16 63 13 45 68 96 99 59 91
6 52 17 90 86 109 100 42 105 114 72
77 2 87 4 84 83 97 21 67 70 89
50 30 31 23 111 14 26 78 5 56 27
# b6adfc59-28be-4625-af95-d09eb89adb41
118 72 113 71 37 52 75 84 99 101 23
108 120 111 45 91 112 90 55 7 2 3
92 63 38 97 26 78 117 29 61 65 1
39 95 21 28 12 19 79 10 16 42 46
59 83 44 67 89 110 62 41 115 80 18
70 56 48 32 81 36 33 87 100 109 69
107 11 77 105 98 85 93 116 43 35 57
54 82 15 49 74 103 96 _ 30 102 66
22 50 58 104 86 17 106 34 4 6 20
88 40 76 94 8 25 9 119 64 73 27
24 31 114 53 5 51 47 60 14 68 13
# e5feafab-9448-4665-bdcd-6ac0096433c9
10 88 55 45 58 96 22 47 99 84 3
66 23 49 2 33 119 37 95 65 24 72
39 106 34 112 80 83 77 79 107 51 116
62 82 11 78 98 120 74 29 70 114 4
101 61 110 59 71 19 43 94 91 6 44
31 76 105 92 100 46 104 52 9 7 89
14 73 38 64 20 30 40 90 50 18 42
108 36 103 93 _ 118 26 1 53 8 60
115 25 13 17 85 57 113 41 27 12 117
111 16 5 75 81 102 86 68 35 97 15
54 87 67 32 21 48 56 109 63 69 28
# 9463c76a-50d8-4557-8a21-434036aa355b
42 33 118 57 23 85 55 22 32 108 78
120 63 99 12 25 89 8 31 58 52 50
29 54 15 98 77 19 115 96 102 1 116
28 84 51 48 119 87 47 101 76 62 40
73 46 79 92 4 26 97 68 6 45 56
35 113 90 39 21 53 43 18 3 5 71
66 61 13 9 111 70 67 2 16 38 64
93 27 104 20 41 86 75 11 59 60 88
30 _ 69 10 36 95 17 37 117 74 105
44 107 24 114 100 7 106 110 91 81 14
65 109 94 72 112 103 82 83 34 80 49
# d534a414-174e-4efe-8428-81266038b3a3
84 120 18 45 6 91 118 78 10 107 39
9 57 58 66 93 41 21 61 98 31 52
88 59 80 4 60 106 37 81 28 89 40
97 55 _ 117 64 103 26 77 73 68 85
94 92 102 67 71 27 43 13 101 12 75
119 47 5 86 87 79 72 38 56 15 95
105 42 22 63 110 30 96 24 82 20 32
48 16 29 50 2 11 99 104 8 53 116
100 23 36 74 49 83 65 90 69 33 62
17 76 35 113 109 70 115 54 51 7 114
14 108 3 34 46 112 1 19 25 111 44
# 70ae859e-d8e8-4c3e-a189-a64b12c2d3ac
15 31 37 16 _ 67 54 92 59 99 43 110
103 28 96 106 117 72 120 70 23 78 115 138
107 88 4 122 55 58 87 137 57 65 127 125
68 3 142 20 2 14 114 42 24 132 7 17
124 30 71 33 79 83 56 94 5 9 18 48
32 128 119 105 126 52 95 64 19 121 112 140
36 47 29 93 100 1 21 22 143 102 74 11
86 134 44 46 130 39 51 26 84 90 77 49
8 113 91 116 63 133 35 109 123 97 10 34
38 82 81 50 98 136 13 62 129 118 139 73
80 76 131 12 135 141 40 108 101 69 25 53
45 104 27 61 66 85 6 60 41 111 89 75
# 6a5d4cc1-178e-4035-81df-9408ef93ffdd
86 45 35 106 76 18 118 94 116 117 132 13
141 139 65 108 49 107 22 113 83 62 _ 85
78 51 44 112 39 16 97 2 120 68 74 6
135 19 143 90 40 59 29 77 42 91 110 95
11 53 47 138 99 87 33 88 1 36 55 130
129 58 34 8 14 70 9 104 30 79 31 26
50 32 80 100 27 20 115 12 124 131 121 111
25 17 140 7 24 81 122 136 109 123 82 37
28 102 134 71 72 66 127 46 67 119 92 142
60 105 73 57 126 133 103 98 114 38 128 52
56 61 43 69 64 4 84 96 63 23 48 41
3 5 125 21 54 15 93 10 75 137 89 101
# bef63c89-f322-4235-9d43-64921738d650
66 14 111 52 134 84 136 100 30 126 121 74
135 92 93 103 39 65 83 82 58 110 89 87
11 35 12 62 124 76 51 49 34 10 71 133
77 61 53 16 138 41 45 108 85 120 125 94
50 86 106 70 37 17 129 101 69 19 109 25
44 105 99 122 95 18 13 63 79 1 96 28
5 46 38 128 141 24 20 117 118 43 88 132
48 60 36 27 130 9 26 31 119 73 115 7
15 91 90 6 33 80 131 23 142 72 54 57
47 127 116 29 68 112 22 81 97 _ 4 2
113 21 114 102 143 140 56 78 139 137 59 42
55 123 3 98 107 75 32 40 64 104 67 8
# 320870d0-c72b-4869-bbea-b9c93c84c8a8
61 9 77 140 1 121 31 41 62 11 136 17
27 111 26 19 127 126 6 91 69 97 56 122
123 55 70 106 58 137 36 40 131 48 20 129
108 100 3 99 132 43 85 139 130 103 125 107
73 135 68 22 98 115 32 80 2 35 37 38
118 78 42 83 116 5 52 25 18 95 84 63
93 94 128 _ 29 114 53 86 141 110 51 96
16 120 34 113 81 60 23 46 33 90 50 21
12 134 65 87 143 45 57 88 10 104 8 138
112 76 109 7 14 49 59 142 44 124 117 82
102 89 67 119 101 13 133 47 24 105 92 79
28 74 4 30 71 15 75 72 39 54 64 66
# 4212eb4b-b405-4554-bc63-3516e35e8b0e
109 48 97 14 66 107 27 1 38 6 57 128
29 60 103 30 86 40 126 20 24 70 111 110
118 7 137 63 95 141 50 74 123 61 10 81
22 47 115 42 64 75 129 119 90 140 116 26
13 138 127 87 34 117 54 4 3 37 82 120
134 105 16 15 85 83 80 102 92 58 11 33
121 17 99 12 93 8 132 79 52 78 18 59
19 53 44 2 9 114 89 23 68 124 104 25
94 91 98 142 67 143 71 130 135 112 56 31
88 131 136 32 43 65 122 49 133 39 76 84
51 _ 41 28 46 100 139 62 45 108 35 113
73 125 21 72 96 5 77 101 36 69 55 106
